0 0.9235005864591979 0.4730833067184885 0.9973455723596204 0.4788857330332666 0.9958160420843598 0.5407756884076556 0.9219710561839373 0.5349732620928775
0 0.9221732469504437 0.5516923682269298 0.9965612470131752 0.5575374622953299 0.9949648103045583 0.6221346776969775 0.9205768102418267 0.6162895836285774
0 0.9171584189811932 0.6778824820413198 0.9961158210723521 0.6840866203731758 0.994538533203171 0.7479090091255397 0.9155811311120121 0.7417048707936839
0 0.9125999367540938 0.840751023883967 0.9915573388452528 0.8469551622158241 0.9899623927403873 0.9114920627605667 0.9110049906492285 0.9052879244287096
0 0.6172816437730241 8.936779764784542e-18 0.6930222338895483 0.005951374867636027 0.6922078681745975 0.03890335925917217 0.6164672780580732 0.03295198439153615
0 0.9079880814452279 0.9615441693207936 0.9869454835363862 0.9677483076526487 0.9861484246344168 0.9999999999999963 0.9071910225432585 0.993795861668141
0 0.9146400401131561 0.7579917266341273 0.993597442204315 0.7641958649659849 0.9921164148248508 0.8241232295339463 0.9131590127336919 0.8179190912020887
0 0.9331137130225616 0.1916964008503117 0.9999669194342589 0.19694944273772677 0.9984966048940034 0.25644332968757966 0.9316433984823062 0.25119028780016456
0 0.9302314661279073 0.2715511364165553 0.9999999999999998 0.277033252391617 0.9984204762251908 0.3409461134293369 0.9286519423530983 0.3354639974542752
0 0.9255450935039108 0.3932296372916421 0.999933093566643 0.39907473136004196 0.9984212215270667 0.46025017494205056 0.9240332214643344 0.4544050808736507
0 0.1227166581755286 0.4042540829694311 0.2016740602666874 0.41045822130128884 0.20016293352898656 0.47160350745484575 0.12120553143782775 0.465399369122988
0 0.11782131500489411 0.6095892423134114 0.1967787170960529 0.615793380645268 0.19528301268840859 0.6763146272918023 0.1163256105972498 0.6701104889599456
0 0.0015970001893901207 0.6004405934855735 0.036690276384699586 0.6031980745357014 0.0350932761953098 0.6678180902705395 3.402579253985472e-16 0.6650606092204117
0 0.10753429229391769 0.9725517660796357 0.18649169438507673 0.9787559044114899 0.18596667401340936 0.9999999999999987 0.1070092719222503 0.9937958616681446
0 0.11528453259929648 0.6904431561270505 0.19424193469045523 0.6966472944589076 0.1927477208865627 0.7571082262485369 0.11379031879540394 0.7509040879166798
0 0.0016633431419733047 0.8838060058122847 0.029723361834873556 0.886010843268363 0.028101356128040284 0.9516426666043397 4.1337435140029756e-05 0.9494378291482615
0 0.0007768611389980451 0.9661595593237017 0.02796265979100386 0.9682957042706228 0.027185798652005898 0.9997301269834967 8.076740961135618e-17 0.9975939820365756
0 0.12532109231635863 0.3237587269322798 0.20427849440751739 0.32996286526413754 0.20271737417026814 0.39313105708102536 0.12375997207910938 0.3869269187491675
0 0.28370460703964884 0.4179973356936139 0.36266200913080765 0.42420147402547165 0.36118396295884714 0.48400820887962515 0.28222656086768827 0.4778040705477674
0 0.278411174088948 0.6226574976061333 0.35736857618010687 0.6288616359379903 0.3558574494424062 0.6900069220915472 0.27690004735124735 0.6838027837596902
0 0.29401446763263983 0.05263561953408883 0.37297186972379875 0.05883975786594403 0.37144159414666267 0.12075987066878542 0.29248419205550374 0.11455573233693023
0 0.2712173099444379 0.9082252389488075 0.3501747120355967 0.9144293772806644 0.3486974111655122 0.9742059547063664 0.2697400090743534 0.9680018163745093
0 0.2759082175509665 0.7021427026919165 0.3548656196421253 0.7083468410237735 0.35330226349924854 0.7716055051260176 0.27434486140808967 0.7654013667941606
0 0.2924733823422071 0.13346600377641482 0.37143078443336586 0.1396701421082721 0.36993508002572134 0.20019138875480563 0.2909776779345626 0.19398725042294837
0 0.2862590476809306 0.3395248853197936 0.3652164497720894 0.3457290236516506 0.36368691949682874 0.40761897902603966 0.28472951740566993 0.40141484069418265
0 0.44337632791054443 0.4330884966496664 0.5223337300017032 0.43929263498152343 0.5207880320945104 0.5018367872913876 0.4418306300033516 0.49563264895953063
0 0.4386247495711636 0.6343268867425454 0.5175821516623224 0.6405310250744027 0.5160526213870616 0.7024209804487915 0.43709521929590295 0.6962168421169341
0 0.4537530949368914 0.06746569961890554 0.5327104970280503 0.07366983795076257 0.5311662897246093 0.13615367540372308 0.4522088876334504 0.12994953707186607
0 0.4314308854266537 0.9231562002932524 0.5103882875178125 0.9293603386251094 0.5088080184411276 0.993303357091281 0.4298506163499687 0.9870992187594241
0 0.43600265719464926 0.7186327298042771 0.514960059285808 0.7248368681361325 0.513482758415724 0.7846134455618331 0.4345253563245652 0.7784093072299777
0 0.45214435791122637 0.14897645138498386 0.5311017600023852 0.15518058971684157 0.5296075461984925 0.21564152150647048 0.45065014410733367 0.2094373831746128
0 0.44599692968330706 0.3519389436770388 0.5249543317744659 0.35814308200889544 0.5234770309043816 0.4179196594345963 0.4445196288132227 0.41171552110273973
0 0.6031157005166717 0.44547201454709734 0.6820731026078305 0.4516761528789543 0.680542081728818 0.513626423110247 0.6015846796376593 0.5074222847783899
0 0.5983795445073476 0.649514781686217 0.6773369465985065 0.6557189200180747 0.6758066710213697 0.7176390328209163 0.5968492689302108 0.7114348944890587
0 0.6134578963735273 0.08124808367264431 0.6924152984646863 0.08745222200450134 0.6908703458593695 0.14996621688591344 0.6119129437682104 0.14376207855405643
0 0.5957581974327087 0.7303620507662317 0.6747155995238676 0.7365661890980887 0.6731875598523588 0.798395829615573 0.5942301577611999 0.7921916912837159
0 0.611883730517355 0.1613599692824146 0.6908411326085139 0.16756410761427235 0.6893285152670612 0.22876970862473342 0.6103711131759023 0.22256557029287571
0 0.6057186440537511 0.36503697336684937 0.68467604614491 0.3712411116987064 0.6830634418043606 0.43649252403582955 0.6041060397132018 0.4302883857039726
0 0.5901280754749698 0.93484193846775 0.6690854775661286 0.9410460767996076 0.6676285075322204 1.000000000000002 0.5886711054410616 0.9937958616681443
0 0.5941556147132132 0.8109778126389312 0.673113016804372 0.8171819509707877 0.6715673188971794 0.8797261032806514 0.5926099168060205 0.8735219649487949
0 0.6022468105011858 0.5275455156288001 0.6812042125923446 0.5337496539606568 0.6796246888175357 0.5976625149983761 0.6006672867263768 0.5914583766665195
0 0.6098958565634685 0.24108991957995776 0.6888532586546273 0.24729405791181502 0.6872560766441341 0.3119214307419155 0.6082986745529753 0.3057172924100582
0 0.4341008385135554 0.7957965624288845 0.5130582406047142 0.8020007007607418 0.511478716829905 0.8659135617984618 0.4325213147387463 0.8597094234666044
0 0.4425750896302906 0.5124245802756576 0.5215324917214494 0.5186287186075154 0.5199198873809 0.5838801309446389 0.4409624852897411 0.5776759926127812
0 0.45010649045779244 0.2307293073458589 0.5290638925489514 0.23693344567771615 0.5274512882084019 0.30218485801483946 0.44849388611724306 0.2959807196829822
0 0.2738365242299156 0.786180236384256 0.3527939263210744 0.7923843747161133 0.35121514784814123 0.8562670783253804 0.27225774575698247 0.8500629399935231
0 0.28287028819365534 0.49867197061901 0.36182769028481415 0.5048761089508638 0.36029965061330615 0.566705749468348 0.2813422485221474 0.5605016111364942
0 0.29041860195496494 0.2138461641692583 0.3686084027848462 0.21998998764421185 0.36702962431191277 0.28387269125348 0.2888398234820315 0.27772886777852646
0 0.11401352110526372 0.7677169868916665 0.19180260837069799 0.7738293239914423 0.1902407428315728 0.8370276732367826 0.11245165556613854 0.8309153361370069
0 0.12184851346191836 0.4862974266226822 0.20080591555307714 0.4925015649545395 0.1993109564473086 0.5529926541726209 0.12035355435614982 0.5467885158407635
0 0.590161901342586 0.9334732297398942 0.6691193034337447 0.939677368071752 0.6676285075322203 1.0000000000000018 0.5886711054410614 0.9937958616681442
0 0.7629204889524046 0.46137076334147914 0.8418778910435635 0.4675749016733365 0.8403498513720545 0.5294045421908209 0.7613924492808958 0.5232004038589635
0 0.7621354183040837 0.540052650031996 0.8410928203952425 0.5462567883638522 0.8394817066584452 0.6114478858440704 0.7605243045672864 0.6052437475122142
0 0.7581689106130243 0.6639204360679704 0.8371263127041834 0.6701245743998274 0.8355629565613065 0.7333832385020721 0.7566055544701474 0.727179100170215
0 0.7536104283859237 0.8267889779106181 0.8325678304770826 0.8329931162424743 0.8309713937684657 0.8975903316441213 0.7520139916773068 0.8913861933122651
0 0.7733156595163121 0.0950032970898864 0.852273061607471 0.10120743542174342 0.8507773571998265 0.16172868206827673 0.7718199551086677 0.15552454373641975
0 0.7506880338490598 0.9480078994935542 0.829645435940218 0.9542120378254119 0.8285138456205149 0.9999999999999949 0.7495564435293566 0.9937958616681373
0 0.755665208773167 0.7434357985822078 0.834622610864326 0.7496399369140634 0.8330769129571336 0.8121840892239258 0.7541195108659746 0.8059799508920703
0 0.7716892642549631 0.17722856064834425 0.8506466663461221 0.18343269898020126 0.8491009684389292 0.24597685129006588 0.7701435663477703 0.23977271295820887
0 0.7697337255649415 0.2556501170749379 0.8486911276561002 0.261854255406794 0.8471130944850432 0.3257068015876083 0.7681556923938846 0.3195026632557521
0 0.765527158998863 0.3807849350189714 0.8444845610900219 0.38698907335082694 0.842987366078626 0.44757063485426396 0.7640299639874671 0.44136649652240845
0 0.9347008811572378 0.11271574862848417 0.9999000130009036 0.11783882034008945 0.9984870955349299 0.17501022801419527 0.933287963691264 0.16988715630259002
0 0.9375928435202122 0.00021938160220434256 0.9999999999999971 0.0051230717116047065 0.998615228886561 0.06115558299989684 0.936208072406776 0.05625189289049647
0 0.13337461504903755 0.04021890328339357 0.21233201714019637 0.04642304161525017 0.2107524933653874 0.11033590265297044 0.13179509127422862 0.10413176432111386
0 0.13186661032434552 0.12039641953696907 0.21082401241550436 0.12660055786882637 0.20927831450831147 0.18914471017869125 0.13032091241715263 0.1829405718468339
0 0.1298118299371029 0.19940521330850702 0.20876923202826175 0.20560935164036429 0.20717354062152046 0.27017640961356004 0.12821613853036162 0.26397227128170275
0 0.0016633431419738965 0.028765195934249903 0.052582843220936426 0.03276623464515045 0.050985843031546296 0.097386250379988 6.634295258376805e-05 0.09338521166908748
0 0.0016633431419738982 0.10665495157761347 0.05096836963422072 0.11052913179013575 0.04930502649224723 0.17783360721904293 4.132204496077202e-16 0.17395942700652064
0 0.001663343141973892 0.1899757405694198 0.047637148257294745 0.19358816751132973 0.04597380511532086 0.2608926429402368 -2.455469564731784e-18 0.25728021599832684
0 0.0015970001893901083 0.31239394804240217 0.046087096815618636 0.31588979145361384 0.04449009662622861 0.3805098071884517 8.173205836892937e-17 0.37701396377724
0 0.0016633431419739132 0.3938180183537802 0.042582482378967224 0.3970332710536307 0.04091913923699381 0.4643377464825383 4.931986011446983e-16 0.4611224937826878
0 0.001663343141973905 0.474488071344576 0.040196811628895414 0.4775158681383855 0.03853346848692151 0.5448203435672927 5.261720495853822e-18 0.5417925467734832
0 0.001663343141973925 0.6818646637969527 0.03514214575056775 0.6844952863487027 0.03347880260859444 0.7517997617776104 6.121134843509946e-16 0.7491691392258605
0 0.0016633431419739069 0.7625347167877469 0.03228369968706902 0.7649407347511703 0.030620356545095113 0.8322452101800777 3.1570322975122933e-18 0.8298391922166544
0 0.11066127672800044 0.8937882749282303 0.18846727692724277 0.8999019409747321 0.1869730631233499 0.960362872764361 0.10916706292410756 0.9542492067178593
0 0.7802333433143164 -1.3983933076602838e-16 0.8518599274907716 0.005628113700547095 0.850778093248636 0.0494027771062046 0.7791515090721808 0.043774663405657374
