0 0.4013132765563919 0.012081271091567182 0.4166988321030315 0.0007503576363336905 0.42864411178203504 0.0520128277373364 0.41325855623539537 0.06334374119256989
0 0.3594873167492036 0.037301963806992945 0.3754252472757589 0.027063200540377714 0.38631422740181287 0.08063380902128407 0.37037629687525764 0.0908725722878993
0 0.38020582510949796 0.024743857233865886 0.3958631309076933 0.014685371460344763 0.40630984273659027 0.06608014882426459 0.3906525369383949 0.07613863459778572
0 0.7670575473157577 0.08323440170873507 0.7833314347992445 0.07483023068631159 0.7921245132456332 0.12864386479166479 0.7758506257621463 0.13704803581408825
0 0.744882523997772 0.09811120361959999 0.760976206145748 0.08867379684612323 0.7706797056939838 0.14097191737151057 0.7545860235460078 0.15040932414498734
0 0.24766320321961924 0.11273827333373317 0.26304875876625894 0.10140735987849968 0.27499403844526243 0.15266982997950237 0.25960848289862276 0.16400074343473586
0 0.2045710149011178 0.13870932368549266 0.22050894542767305 0.12847056041887742 0.23139792555372704 0.18204116889978375 0.2154599950271718 0.192279932166399
0 0.22676843783752748 0.12483662637804079 0.24242574363572292 0.11477814060451967 0.25287245546461984 0.1661729179684395 0.23721514966642443 0.1762314037419606
0 0.0940630802447183 0.2119829699387613 0.11000101077127354 0.20174420667214607 0.12088999089732756 0.25531481515305243 0.10495206037077232 0.26555357841966765
0 0.05164751786248603 0.23910723045497698 0.06758544838904129 0.22886846718836173 0.07847442851509531 0.28243907566926807 0.06253649798854005 0.29267783893588334
0 0.07209242922658358 0.22554510019686916 0.08803035975313885 0.21530633693025392 0.09891933987919285 0.2688769454111603 0.08298140935263759 0.2791157086777755
0 0.9761913732165365 0.25702966709161484 0.9906182041319233 0.2488102756390835 0.9999396604118023 0.3005197342480586 0.9855128294964154 0.30873912570059
0 0.9545704952783748 0.26892180357854445 0.9708112515943036 0.2603174601066801 0.9794806043060955 0.31203407978344644 0.9632398479901667 0.3206384232553108
0 0.9340950940575955 0.28310023781749 0.9492990112665531 0.27333301560703027 0.959913459235178 0.3255530058894644 0.9447095420262205 0.3353202280999241
0 0.3035416629360348 0.3847114339948052 0.3193287931188225 0.3737591488466803 0.33097660762603626 0.42682288686775527 0.31518947744324854 0.4377751720158801
0 0.2825952086898446 0.3998217236385527 0.2983349160583576 0.38865580330093386 0.30981566554308126 0.43980364538108463 0.2940759581745683 0.45096956571870345
0 0.26111569646145943 0.4117844692044206 0.2770536269880147 0.4015457059378053 0.2879426071140687 0.45511631441871164 0.2720046765875134 0.4653550776853269
0 0.45705831426974414 0.285026283512337 0.47284544445253185 0.2740739983642122 0.4844932589597456 0.3271377363852871 0.4687061287769579 0.33809002153341194
0 0.4361118600235541 0.3001365731560846 0.4518515673920671 0.2889706528184658 0.4633323168767908 0.34011849489861656 0.4475926095082778 0.3512844152362354
0 0.41531616361402723 0.3127071550053822 0.4312540941405825 0.30246839173876694 0.4421430742666365 0.35603900021967333 0.4262051437400813 0.36627776348628854
0 0.6135408959820482 0.18231171590777348 0.6298147834655351 0.17390754488535004 0.6386078619119236 0.22772117899070324 0.6223339744284367 0.23612535001312668
0 0.5918581195359965 0.1962888909034054 0.6081511670737285 0.18800287906233856 0.616670807488343 0.2409488584857819 0.6003777599506109 0.2492348703268487
0 0.5700467994620423 0.21212468386870587 0.5859847299885975 0.20188592060209065 0.5964668866535326 0.2534550762284455 0.5805289561269774 0.26369383949506064
0 0.7257198678163505 0.11188170206913217 0.7398432892317356 0.10280860640305228 0.7503254458966707 0.1543777620294072 0.7362020244812856 0.1634508576954871
0 0.8786316827796692 0.013192943736938658 0.8933599405654439 0.0037312922040139774 0.9034747634934942 0.05349327290923997 0.8887465057077196 0.06295492444216463
0 0.14978973963773676 0.48476721866336364 0.1655768698205245 0.4738149335152388 0.17722468432773825 0.5268786715363137 0.16143755414495053 0.5378309566844385
0 0.12702816080606058 0.4985158653520345 0.14276786817457357 0.4873499450144157 0.15464288486158673 0.5402542853638582 0.13890317749307374 0.551420205701477
0 0.10767819427420085 0.5112812830089088 0.1236161248007561 0.5010425197422936 0.13450510492681012 0.5546131282232 0.11856717440025485 0.5648518914898152
0 0.41695820057469773 0.9362932774521076 0.4320362832350411 0.9249635525243862 0.4439257684455784 0.9749721588438897 0.428847685785235 0.9863018837716111
0 0.3957760960808756 0.9470703403416859 0.41141628672644626 0.9376553053363462 0.4212972507356985 0.9895322472904303 0.40565706009012786 0.9989472822957701
0 0.20573443846572784 0.7606687734129166 0.22074908998026135 0.7490758673903273 0.23323808952635916 0.8001975968614582 0.21822343801182564 0.8117905028840475
0 0.18647551189455022 0.7732766077934883 0.2024899560542459 0.763422394362835 0.2126827895266511 0.8157751782473842 0.1966683453669554 0.8256293916780376
0 0.16411036340804683 0.7867857402138586 0.1800482939346021 0.7765469769472434 0.1909372740606561 0.8301175854281497 0.17499934353410085 0.8403563486947649
0 0.3593753644166197 0.6598419157576442 0.37439001593115323 0.6482490097350548 0.38687901547725106 0.6993707392061858 0.37186436396271755 0.7109636452287751
0 0.3392983111101742 0.6728824981293592 0.35520792582575184 0.6625054864196886 0.3659415224788189 0.7145155726009692 0.3500319077632413 0.7248925843106397
0 0.31805136929243644 0.6854254071212564 0.3339892998189917 0.6751866438546412 0.3448782799450457 0.7287572523355476 0.3289403494184905 0.7389960156021628
0 0.9344798847075577 0.90733428376546 0.9498967861891523 0.8975512588291791 0.95987124187161 0.9472297146643942 0.9444543403900153 0.957012739600675
0 0.9135488104465191 0.9198850375946325 0.9296824566935334 0.9106658113594186 0.9389838068039675 0.9621103167433581 0.9228501605569532 0.9713295429785721
0 0.8935492611545449 0.9322978332588713 0.9088615737232334 0.9224609762595264 0.9192277553085602 0.9734595682967009 0.9039154427398717 0.9832964252960458
0 0.6680835350431071 0.45969181548686683 0.6830981865576405 0.44809890946427755 0.6955871861037384 0.49922063893540847 0.6805725345892049 0.5108135449579977
0 0.6478277134309585 0.47099330137048434 0.6640290576324724 0.4621572518452845 0.6731687400635556 0.5151210302420228 0.6569673958620417 0.5239570797672226
0 0.6266636925627952 0.4843119965061886 0.6418676097717527 0.47454477429572894 0.6527565898978068 0.5281153827766353 0.6375526726888493 0.537882604987095
0 0.8231658180253213 0.3568455787280856 0.8387970381199342 0.3482039903689724 0.8481065928497176 0.40142500613527426 0.8324753727551045 0.4100665944943874
0 0.8013022163372606 0.3713309795470919 0.8172356342599157 0.36107004273748655 0.8278491673345941 0.41315794393023236 0.811915749411939 0.4234188807398377
0 0.7812943981006149 0.3839910617267328 0.7964983153095724 0.3742238395162731 0.8073872954356265 0.42779444799717936 0.792183378226669 0.43756167020763914
0 0.05379255534651934 0.8610669871401019 0.06904215066870793 0.8504876155615856 0.08043927289023171 0.9024092792679024 0.06518967756804313 0.9129886508464186
0 0.03047058839606858 0.8753252706237993 0.04621029576458156 0.8641593502861804 0.05808531245159477 0.9170636906356229 0.04234560508308179 0.9282296109732417
0 0.010191534364954785 0.8858884068009601 0.026129464891510037 0.8756496435343449 0.03701844501756405 0.9292202520152513 0.021080514491008798 0.9394590152818665
0 0.5140060699544392 0.5605045195544573 0.5290207214689727 0.548911613531868 0.5415097210150706 0.6000333430029989 0.526495069500537 0.6116262490255883
0 0.49365239642341796 0.5715780247736341 0.5095620111389956 0.5612010130639635 0.5202956077920626 0.6132110992452441 0.504385993076485 0.6235881109549146
0 0.4724054546056802 0.5841209337655314 0.48834338513223546 0.5738821704989162 0.49923236525828946 0.6274527789798225 0.48329443473173417 0.6376915422464378
0 0.5710567381468746 0.8345528627054626 0.5862746187465794 0.823830130516165 0.597626625515282 0.8747487125356231 0.5824087449155773 0.8854714447249207
0 0.5496295697774166 0.8491124386332125 0.5652897416232471 0.8375984987072715 0.5769062464870306 0.8875332612836688 0.5612460746412001 0.8990472012096098
0 0.5298183642987186 0.8580859314825482 0.5457562948252739 0.847847168215933 0.5566452749513278 0.9014177766968393 0.5407073444247726 0.9116565399634545
0 0.7253934501775965 0.733104820012759 0.7408050641362947 0.723295500062748 0.7511900541279349 0.7748623082175861 0.7357784401692367 0.7846716281675971
0 0.7038000044259072 0.7478668224386772 0.7197434244532528 0.7376551062912949 0.7300461054691907 0.7884930473789756 0.714102685441845 0.7987047635263579
0 0.6834735111140433 0.7584673248886928 0.6994114416405987 0.7482285616220776 0.7103004217666525 0.801799170102984 0.6943624912400973 0.8120379333695992
0 0.8801528717415782 0.6305485417028122 0.8957927661110152 0.6219566995246544 0.9048888293941608 0.6742873272364589 0.8892489350247239 0.6828791694146167
0 0.8579726873204421 0.6448904457652415 0.874242294986312 0.6364601263844667 0.8827477107449421 0.6883381647613357 0.866478103079072 0.6967684841421105
0 0.8366466704225337 0.6573710015127623 0.852584600949089 0.647132238246147 0.8631289856934522 0.6990075378860798 0.847191055166897 0.7092463011526952
