0 0.2811617462214311 0.8257096100748854 0.39630253849134645 0.9205703922037943 0.3758124028044983 0.999818066519134 0.260671610534583 0.9049572843902253
0 0.5846330318123625 0.7852131473710435 0.7063516285554653 0.8854931702808818 0.6808452290014123 0.9841417529798202 0.5591266322583096 0.883861730069982
0 0.7820058257391599 0.06047762073811678 0.9004421351342373 0.15805347305066017 0.875301609967958 0.25528699951152695 0.7568653005728806 0.15771114719898352
0 0.7509026169322967 0.18008483436240474 0.869856682268816 0.2780872490824918 0.8428910613212875 0.38237951826118016 0.7239369959847683 0.2843771035410931
0 0.3454424030479773 0.5786164782694571 0.4671609997910803 0.678896501179296 0.4403498100250422 0.7825914921280147 0.3186312132819392 0.6823114692181756
0 0.19127603797814546 0.07132554611683689 0.3085575336324325 0.16794998466450228 0.28341700846615314 0.265183511125369 0.16613551281186614 0.1685590725777036
0 0.15602839350608785 0.19321880472738967 0.27622136801040537 0.2922419167201557 0.24925574706287695 0.39653418589884415 0.12906277255855944 0.29751107390607817
0 0.8746373761412992 0.8031991780881658 0.9869230627484648 0.895707730821309 0.9599574418009363 0.9999999999999973 0.8476717551937708 0.9074914472668542
0 0.6661019620928612 0.4800841835407991 0.7892830333116837 0.5815690919640627 0.7641425081454044 0.6788026184249294 0.6409614369265818 0.5773177100016658
0 0.6344435698873369 0.5999575066186347 0.7541995667997001 0.6986206068785615 0.7272339458521717 0.8029128760572498 0.6074779489398084 0.704249775797323
0 0.07411553583289625 0.4897840708509589 0.1972966070517187 0.5912689792742225 0.17215608188543938 0.6885025057350892 0.048975010666616914 0.5870175973118256
0 0.041248938841430334 0.6118140959298729 0.16443001006025268 0.713299004353137 0.13746438911272424 0.8175912735318254 0.014283317893901885 0.7161063651085613
0 0.42691133332847536 0.2719571687421632 0.5500924045472978 0.37344207716542677 0.5249518793810185 0.4706756036262934 0.401770808162196 0.3691906952030299
0 0.3952529411229532 0.3918304918199999 0.5184340123417757 0.493315400243264 0.49146839139424714 0.5976076694219524 0.3682873201754248 0.49612276099868835
0 0.31304222691366373 0.6977067070335948 0.4362232981324863 0.7991916154568582 0.411209333257375 0.8959356571778959 0.28802826203855253 0.7944507487546325
0 0.1084446073000827 0.3689911451777078 0.2301632040431857 0.46927116808754676 0.2033520142771476 0.5729661590362654 0.0816334175340446 0.4726861361264264
0 0.699222828774102 0.3571345558664701 0.8209414255172047 0.4574145787763086 0.7965390792194468 0.5517931237254322 0.674820482476344 0.45151310081559376
0 0.460032200009718 0.1490075410678349 0.581750796752821 0.24928756397767385 0.5549396069867829 0.35298255492639247 0.43322101024368 0.2527025320165535
