0 0.8250890714070523 0.9740494538796837 0.8395067411659196 0.9737368125712023 0.8396844075623183 0.999631397504815 0.8252667378034511 0.9999440388132964
0 0.8466488004772443 0.9743473904614449 0.8620517304332022 0.9755861168488417 0.8614304982252372 0.999999999999999 0.8460275682692795 0.9987612736126021
0 0.8687679257168155 0.9764905526154871 0.8831417294709172 0.9772470201669313 0.8827628492550985 0.9999999999999998 0.8683890455009969 0.9992435324485556
0 0.8264152649532842 0.6838191238563794 0.8390133026976321 0.6838191238563794 0.8390133026976321 0.7309851603263554 0.8264152649532842 0.7309851603263554
0 0.8479403447573879 0.6810706850053143 0.862726195507053 0.6832678238041116 0.8603812325020883 0.733142462978285 0.8455953817524231 0.7309453241794878
0 0.8690115962312697 0.6844074908562977 0.883116028618213 0.6836340603267398 0.8840007425462757 0.7346248940795974 0.8698963101593323 0.7353983246091553
0 0.16799310648595775 0.3858291283456682 0.18413588910744913 0.38618798681761773 0.18375168768696482 0.44081017670912226 0.1676089050654734 0.4404513182371727
0 0.18864439643224884 0.3887746017690945 0.20416020030242477 0.3874614232873463 0.20556049659981948 0.43975223825682075 0.1900446927296435 0.44106541673856897
0 0.2132175643183807 0.38890829893486234 0.22858575412618715 0.3885978267343338 0.2289080388230316 0.43901687304051623 0.21353984901522516 0.4393273452410448
0 0.16703270896199862 0.6786202999149239 0.18403100304354625 0.6789981766405737 0.18365578159031454 0.732343678184622 0.1666574875087669 0.7319658014589722
0 0.189603278984359 0.681066889660127 0.20564804273893703 0.6799299049520973 0.20679553824188307 0.7311080619048858 0.190750774487305 0.7322450466129155
0 0.21146852052153003 0.6809701801237883 0.2287791883764407 0.6803653070587361 0.2293803732458737 0.7347419717731553 0.21206970539096304 0.7353468448382074
0 0.0022727555385082146 0.9685320671614834 0.019271114052484765 0.9681634646662962 0.01948021512791603 0.9986396023443044 0.002481856613939479 0.9990082048394916
0 0.02336153576853802 0.9699298726974439 0.04037113508533975 0.9688644706028579 0.040953538342236 0.9982517429946978 0.02394393902543427 0.9993171450892838
0 0.04701804388464361 0.9701152245519851 0.06496634324266835 0.9710598114059759 0.06448697838684342 0.9998472181954553 0.046538679028818676 0.9989026313414645
0 0.0022727555385082146 0.9685320671614834 0.019271114052484765 0.9681634646662962 0.01948021512791603 0.9986396023443044 0.002481856613939479 0.9990082048394916
0 0.02336153576853802 0.9699298726974439 0.04037113508533975 0.9688644706028579 0.040953538342236 0.9982517429946978 0.02394393902543427 0.9993171450892838
0 0.04701804388464361 0.9701152245519851 0.06496634324266835 0.9710598114059759 0.06448697838684342 0.9998472181954553 0.046538679028818676 0.9989026313414645
0 0.0035897337718675043 0.6763441503835586 0.020588027853415146 0.6767220271092084 0.020188766334872432 0.7334853218794232 0.0031904722533247906 0.7331074451537734
0 0.02396202401810615 0.6799405721841406 0.04097162333490787 0.6788751700895543 0.04206421944415173 0.7340060765472473 0.025054620127350012 0.7350714786418335
0 0.0475108105597015 0.6779086191644913 0.06545910991772616 0.6788532060184834 0.06448697838684249 0.7372328420980392 0.04653867902881782 0.7362882552440472
0 0.0035707590410476984 0.3858219904874281 0.020034628951702334 0.3861879868176176 0.01965042753121803 0.44081017670912215 0.0031865576205633915 0.4404441803789326
0 0.026554932505999034 0.3860805602707895 0.042986339639018344 0.3879537811280097 0.04103932621425587 0.4419308956172992 0.024607919081236558 0.440057674760079
0 0.048775520130399715 0.3877817259979417 0.06413797215397485 0.3885902243373707 0.06323176724346631 0.44301075407881224 0.04786931521989117 0.44220225573938315
0 0.004258457655327131 0.09461758071857089 0.01976020220146048 0.09461758071857089 0.01976020220146048 0.14865849592281152 0.004258457655327131 0.14865849592281152
0 0.026129488333979437 0.09518849182152626 0.04259464536635004 0.09518849182152626 0.04259464536635004 0.14980031812872246 0.026129488333979437 0.14980031812872246
0 0.04920396746303294 0.09535226411465195 0.06522055221347747 0.09656392064423597 0.06391814331049152 0.15097567036900272 0.047901558560046985 0.1497640138394187
0 0.16900199280189873 0.09404666961561556 0.1845037373480321 0.09404666961561556 0.1845037373480321 0.14637485151098992 0.16900199280189873 0.14637485151098992
0 0.1926304913533633 0.0934957816183696 0.20708646072375322 0.0958600735286208 0.2044187366659593 0.14741165286395286 0.18996276729556938 0.14504736095370166
0 0.21426689873586116 0.09428319244242138 0.22900125533019855 0.09539784826043156 0.22775457024024479 0.14748158090744393 0.2130202136459074 0.14636692508943375
0 0.9899830349683498 0.9769239755152154 0.9999999999999979 0.9769239755152154 0.9999999999999979 0.9999999999999993 0.9899830349683498 0.9999999999999993
0 0.8473294728443211 0.10005961005753655 0.8618440551525691 0.10053205306477134 0.8613109790248407 0.15229265259367591 0.8467963967165927 0.15182020958644113
0 0.8704282956561555 0.10020055569010403 0.8851716369253425 0.10083727274418601 0.8844980781271737 0.15012966500535063 0.8697547368579868 0.14949294795126863
0 0.8260926308641976 0.392646479516186 0.8390133026976319 0.392646479516186 0.8390133026976319 0.44153323112796183 0.8260926308641976 0.44153323112796183
0 0.8465306689968639 0.39079203227542125 0.8610438407350648 0.39100791242215194 0.8608055746881372 0.4416331105358376 0.8462924029499362 0.4414172303891069
0 0.8693064049137171 0.393503221879158 0.882454683524552 0.39326570945608086 0.882726337380754 0.4407941307112643 0.8695780587699191 0.44103164313434134
0 0.16582174867616806 0.9672405576226439 0.18282010719014455 0.9668719551274579 0.18304487434088984 0.9996313975048123 0.16604651582691338 0.9999999999999983
0 0.19000698072364972 0.9686677538431547 0.20853968862487654 0.9724092031857944 0.20677726508348135 0.9999999999999983 0.18824455718225455 0.9962585506573587
0 0.21217196501884528 0.9712544139995325 0.23012026437687003 0.9721990008535232 0.2296573250768804 1.0000000000000002 0.2117090257188556 0.9990554131460094
0 0.3309138369499534 0.9712363408464993 0.3479121954639299 0.9708677383513142 0.34810954698287383 0.9996313975048138 0.3311111884688973 0.999999999999999
0 0.35320682578658913 0.9708390858128536 0.3708781473687281 0.9722602396067466 0.37017228536018043 0.9999999999999993 0.35250096377804147 0.9985788462061064
0 0.37592415476808966 0.9729318754667075 0.39387245412611444 0.973876462320698 0.3934374477372149 1.0000000000000007 0.3754891483791901 0.9990554131460101
0 0.3309138369499534 0.9712363408464993 0.3479121954639299 0.9708677383513142 0.34810954698287383 0.9996313975048138 0.3311111884688973 0.999999999999999
0 0.35320682578658913 0.9708390858128536 0.3708781473687281 0.9722602396067466 0.37017228536018043 0.9999999999999993 0.35250096377804147 0.9985788462061064
0 0.37592415476808966 0.9729318754667075 0.39387245412611444 0.973876462320698 0.3934374477372149 1.0000000000000007 0.3754891483791901 0.9990554131460101
0 0.3309138369499534 0.9712363408464993 0.3479121954639299 0.9708677383513142 0.34810954698287383 0.9996313975048138 0.3311111884688973 0.999999999999999
0 0.35320682578658913 0.9708390858128536 0.3708781473687281 0.9722602396067466 0.37017228536018043 0.9999999999999993 0.35250096377804147 0.9985788462061064
0 0.37592415476808966 0.9729318754667075 0.39387245412611444 0.973876462320698 0.3934374477372149 1.0000000000000007 0.3754891483791901 0.9990554131460101
0 0.33213984047140854 0.6792305501449146 0.34764158501754194 0.6792305501449146 0.34764158501754194 0.731558732040289 0.33213984047140854 0.731558732040289
0 0.35437214640581083 0.6815149399495116 0.3695310342744714 0.6814550204324903 0.3695957808826598 0.7332241669624651 0.3544368930139992 0.7332840864794865
0 0.37666508901753054 0.6830071748738414 0.3920436430563267 0.6815843012126863 0.39356770798131097 0.7336447104344669 0.3781891539425148 0.7350675840956221
0 0.33213984047140843 0.38977862094651994 0.3476415850175418 0.38977862094651994 0.3476415850175418 0.4421068028418943 0.33213984047140843 0.4421068028418943
0 0.3555239785908558 0.3896470670731563 0.370674299302359 0.3887391815970548 0.37165532365173953 0.440479070412475 0.3565050029402363 0.4413869558885765
0 0.3772855774248148 0.39096935547102973 0.3923569422156538 0.39013538221913197 0.39326922455648716 0.44224101503600366 0.37819785976564807 0.44307498828790143
0 0.33278211546223313 0.09690122513039266 0.3482838600083665 0.09690122513039266 0.3482838600083665 0.14922940702576704 0.33278211546223313 0.14922940702576704
0 0.3553278618285784 0.09745876613932414 0.3698448232428285 0.09738869568955165 0.36992388650222896 0.1491577793725569 0.35540692508797883 0.1492278498223294
0 0.3775840045687949 0.09724023205823999 0.39233087602973526 0.09696385929862264 0.39263998471881867 0.1490918301152554 0.3778931132578783 0.14936820287487276
0 0.4966802327186252 0.09919551198612524 0.5121819772647586 0.09919551198612524 0.5121819772647586 0.1515236938814996 0.4966802327186252 0.1515236938814996
0 0.5182580768177086 0.09975305299505667 0.5327750382319587 0.0996829825452842 0.5328541014913591 0.15145206622828944 0.5183371400771091 0.15152213667806191
0 0.5414821218251871 0.10010809062790571 0.5562289932861275 0.09983171786828837 0.5565381019752108 0.15195968868492113 0.5417912305142705 0.15223606144453847
0 0.4973284940841506 0.3897786209465201 0.512830238630284 0.3897786209465201 0.512830238630284 0.44210680284189446 0.4973284940841506 0.44210680284189446
0 0.5184036608713688 0.38994076906292463 0.5335560389544951 0.3907327403293103 0.5327002668149623 0.4424796552784379 0.517547888731836 0.4416876840120522
0 0.5402157924139448 0.392116498898896 0.5565764444708593 0.3912111829976201 0.5574887268116929 0.4433168158144918 0.5411280747547785 0.4442221317157677
0 0.4957153236387134 0.6815248370006469 0.5112170681848468 0.6815248370006469 0.5112170681848468 0.7338530188960213 0.4957153236387134 0.7338530188960213
0 0.5176249954840282 0.6820885116634448 0.5327838833526888 0.6820285921464234 0.5328486299608771 0.7337977386763982 0.5176897420922165 0.7338576581934196
0 0.5395953040066607 0.6830071748738414 0.5549738580454568 0.6815843012126863 0.5564979229704411 0.7336447104344669 0.5411193689316449 0.7350675840956221
0 0.4950229779154245 0.9723849558963117 0.512021336429401 0.9720163534011266 0.5122108071386207 0.9996313975048131 0.49521244862464414 0.9999999999999983
0 0.5159965081453927 0.9719012553461793 0.5336678297275317 0.9733224091400722 0.5329889955342783 1.0 0.5153176739521392 0.9985788462061073
0 0.5380985899513622 0.9729318754667066 0.556046889309387 0.9738764623206971 0.5556118829204875 0.9999999999999998 0.5376635835624627 0.9990554131460092
0 0.6595779756840172 0.9740774344730342 0.6752859898204384 0.9737368125712016 0.6754636562168373 0.9996313975048144 0.659755642080416 0.9999720194066469
0 0.6824280491317648 0.9743473904614447 0.6978309790877225 0.9755861168488414 0.6972097468797576 0.9999999999999988 0.6818068169237999 0.998761273612602
0 0.7045471743713356 0.9764905526154869 0.7189209781254373 0.9772470201669311 0.7185420979096188 0.9999999999999996 0.7041682941555171 0.9992435324485553
0 0.661871879518717 0.6838191238563796 0.6767283558866761 0.6838191238563796 0.6767283558866761 0.7309851603263555 0.661871879518717 0.7309851603263555
0 0.681523830091235 0.684382795683658 0.6966827179598956 0.6843228761666407 0.6967453125156358 0.7343713160613733 0.681586424646975 0.7344312355783907
0 0.7048157063889872 0.6840916784995076 0.7182636850719881 0.6828474279272146 0.7197551296975983 0.7337935630085195 0.7063071510145974 0.7350378135808124
0 0.6625171476968922 0.3903521926604533 0.676405721797589 0.3903521926604533 0.676405721797589 0.44268037455582765 0.6625171476968922 0.44268037455582765
0 0.6829606070346348 0.39078731380552445 0.6981190017804333 0.3910127914985439 0.6978753596990067 0.44278025396370335 0.6827169649532082 0.4425547762706839
0 0.706353210805739 0.39062995029839237 0.7195014894165739 0.39039243787531475 0.7197961223916233 0.4419412741391296 0.7066478437807884 0.44217878656220716
0 0.6618688863313671 0.098048368558259 0.6773706308775005 0.098048368558259 0.6773706308775005 0.15037655045363338 0.6618688863313671 0.15037655045363338
0 0.683431355587929 0.09833889491573712 0.697945937896177 0.0988113379229719 0.6974128617684484 0.1505719374518765 0.6828982794602004 0.1500994944446417
0 0.706466123126631 0.10211411927600432 0.7211762500577251 0.10024402610947361 0.723244898573506 0.15167145700441154 0.708534771642412 0.15354155017094223
0 0.8260896376768467 0.10034265541399162 0.8399782117775432 0.10034265541399162 0.8399782117775432 0.14980297873970036 0.8260896376768467 0.14980297873970036
0 0.9899830349683522 0.10321051398365721 1.0000000000000002 0.10321051398365721 1.0000000000000002 0.1509501221675665 0.9899830349683522 0.1509501221675665
0 0.9899830349683519 0.39401137294775473 1.0 0.39401137294775473 1.0 0.44175098113166406 0.9899830349683519 0.44175098113166406
0 0.9899830349683519 0.6848122319118524 1.0 0.6848122319118524 1.0 0.7325518400957617 0.9899830349683519 0.7325518400957617
