0 0.9858143176571474 0.00013494116503111626 0.9998903149635403 -2.1561970316215426e-17 1.0000000000000002 0.0361607184088168 0.9859240026936072 0.036295659573847935
0 0.8850610268259047 5.410168840702667e-17 0.8978007273518628 0.001123118930702424 0.896826712737716 0.03604148318732105 0.8840870122117578 0.03491836425661868
0 0.02966295899464547 0.0003042615721774892 0.04393674978115127 0.0003974362929946334 0.04385947304571955 0.03781236656473684 0.029585682259213743 0.0377191918439197
0 0.006294015437218691 -4.786494907298259e-16 0.020054498283659395 0.00021842036263270721 0.019869294493667027 0.03709455277147625 0.006108811647226321 0.036876132408843056
0 0.9653345556283509 1.1102230246251566e-18 0.9800023267647303 0.0002328217640553464 0.9798186640338197 0.03680211218761428 0.9651508928974403 0.036569290423558935
0 0.4391012416794666 0.13185179340769126 0.4535686490165746 0.13224256393043002 0.4531407168876152 0.18231500387561153 0.4386733095505072 0.18192423335287275
0 0.39480458190610984 0.13176532054927972 0.40893280002639126 0.13221635207619245 0.40844627109430864 0.1803827433130026 0.3943180529740272 0.17993171178608988
0 0.03059558076027123 0.8608918814918113 0.045486264556836034 0.8609890830920172 0.04537981401261145 0.9125290409784057 0.030489130216046642 0.9124318393781997
0 0.008461231588489182 0.8608321649273339 0.022461620032958988 0.8607020060816268 0.022608843168405907 0.9107512367589755 0.0086084547239361 0.9108813956046827
0 0.4149766654012021 0.13285846756312691 0.4289690261670231 0.1325197195828072 0.4293393737286025 0.18086774207594705 0.4153470129627815 0.18120649005626677
0 0.1110108334864439 0.13322264053789581 0.1246510504852337 0.1333116794925527 0.12454685678819584 0.18375894396397102 0.11090663978940604 0.18366990500931413
0 0.06855879329379005 0.13256638185006017 0.08253045341521449 0.13278815423293291 0.08227792717082988 0.18306893533865273 0.06830626704940544 0.18284716295577996
0 0.02906674338642144 0.1328471792805723 0.04334053417292723 0.13294035400139173 0.04323480095290913 0.18413300638486857 0.02896101016640335 0.18403983166404914
0 0.006890231045442686 0.13254291770839477 0.020650713891883367 0.13276133807103102 0.020396201126575204 0.18343765756481628 0.0066357182801345255 0.18321923720218006
0 0.08798865140522302 0.13331729424084018 0.10196031152664747 0.13353906662371262 0.10170967079364696 0.18344442146279483 0.0877380106722225 0.1832226490799224
0 0.11180724975445783 0.27878628942577244 0.12584493846657935 0.2788779229480766 0.12573929068406142 0.33002920923109713 0.11170160197193992 0.3299375757087929
0 0.06856425880155774 0.2777497010766134 0.08273464161700556 0.2779746277879595 0.08247666570690854 0.3293404978896133 0.06830628289146072 0.3291155711782672
0 0.02946422045857076 0.2791187418315346 0.04334053953174301 0.2792093219846966 0.043236998157593756 0.3293407525154549 0.029360679084421505 0.3292501723622929
0 0.007285949649875523 0.27916461072025645 0.020453813033782686 0.279373624424756 0.020201058736192816 0.32969981345764243 0.007033195352285654 0.3294907997531428
0 0.08859022162685391 0.27852269376672656 0.10256188174827849 0.27874446614959836 0.10230591808597465 0.32970967535680434 0.08833425796455008 0.32948790297393254
0 0.11163705975356714 0.42424420593411427 0.12652135601109926 0.4243413658384925 0.1264163308577033 0.47519119496666 0.11153203460017118 0.47509403506228165
0 0.06907407641129724 0.4238202193597685 0.08222781382391699 0.42402900884249756 0.0819683026025681 0.47570057647378416 0.06881456518994836 0.4754917869910551
0 0.029969834484356143 0.42487811954416554 0.044861090049954463 0.42497532487670087 0.044756932880149626 0.47540490402207036 0.029865677314551302 0.4753076986895351
0 0.006948073432912854 0.4249186334172402 0.020793197626714634 0.42513839729332537 0.020540443329124403 0.47546458632621175 0.006695319135322619 0.47524482245012667
0 0.08875766482701085 0.424282055635793 0.10272630819649775 0.42450378013371065 0.10246730084697496 0.47607502128562806 0.08849865747748806 0.4758532967877104
0 0.11350683829127481 0.5690335381010893 0.1282359881341561 0.5691296852595128 0.12813039541059448 0.6202543137576684 0.1134012455677132 0.6201581665992447
0 0.06923406674442277 0.5694162800999591 0.0831649532590942 0.5696374052827196 0.08291094096842885 0.6202140747157665 0.06898005445375742 0.6199929495330062
0 0.03090644115973849 0.569941245799826 0.045641978541654735 0.5700374346540816 0.04553667993321968 0.6210196619742632 0.030801142551303437 0.6209234731200075
0 0.007882395131600411 0.5710880725008044 0.021727519325402192 0.5713078363768895 0.02147476502781196 0.621634025409776 0.007629640834010177 0.6214142615336908
0 0.08923183898523916 0.5687782309358722 0.10398041195445944 0.5690123352687018 0.10371305069896015 0.6222469319226828 0.08896447772973988 0.6220128275898532
0 0.11381885062653567 0.7146493087992408 0.12948288134054053 0.7147515585596581 0.1293738643010885 0.7675341315822517 0.11370983358708364 0.7674318818218343
0 0.06939261717696317 0.7152990410455626 0.0839463351723464 0.7155300524422997 0.08368674947338431 0.767216449394556 0.06913303147800107 0.7669854379978189
0 0.030595580760271267 0.7155529505848583 0.04548626455683607 0.7156501521850642 0.045379814012611486 0.7671901100714527 0.03048913021604668 0.7670929084712468
0 0.009861899827139716 0.716323749767466 0.023862288271609525 0.7161935909217588 0.024010325716437252 0.7665196500875043 0.010009937271967443 0.7666498089332116
0 0.0889245567525958 0.7141196995986505 0.10382327659663143 0.7143561872152078 0.10356007367471773 0.7667628134483965 0.08866135383068209 0.7665263258318391
0 0.11449161525220135 0.859563954691713 0.12890018255826524 0.8605528876663212 0.12778478691805384 0.9119144032542111 0.11337621961198995 0.9109254702796028
0 0.07016419287071578 0.8620368712306257 0.08393798126636494 0.8622555027924466 0.08369094504577887 0.9114431591613603 0.06991715665012972 0.9112245275995394
0 0.08965179789018823 0.8604755513132768 0.10392885899170394 0.8603475604408553 0.10407514775468457 0.9119209568035107 0.08979808665316887 0.9120489476759323
0 0.1941554052015581 0.8593880021113539 0.208563972507622 0.8603769350859621 0.20745527852634682 0.9114298540221273 0.19304671122028294 0.910440921047519
0 0.15140189430926565 0.8609338966037111 0.16517413064695585 0.8611525035296904 0.16491624387832016 0.9125006245772934 0.15114400754062995 0.9122820176513141
0 0.1715703090672086 0.8596830910829065 0.18619505002574888 0.8595519833331488 0.1863430920322292 0.9117434772194045 0.17171835107368894 0.9118745849691623
0 0.1938485883952307 0.7143768882401551 0.20756993129006304 0.7142157375031236 0.20775749407559507 0.7646895304307624 0.19403615118076273 0.7648506811677939
0 0.15071129780589132 0.713489129590321 0.16378355600414418 0.7136966257521851 0.16352867634780105 0.7644459973294454 0.15045641814954816 0.7642385011675813
0 0.17122703000108447 0.7156720172535549 0.18446105153152179 0.7155533770131601 0.18460204519969298 0.76526001329565 0.1713680236692557 0.7653786535360447
0 0.19491539614056094 0.5697253922326777 0.20932593900214017 0.5689750975059928 0.21017280930085308 0.6203818649502548 0.19576226643927389 0.6211321596769397
0 0.1520706654561306 0.5691965556781939 0.16566341294960601 0.5699610927390644 0.164771479285072 0.6200793786133427 0.15117873179159655 0.6193148415524723
0 0.1707054925333997 0.570722903785574 0.1844610338493741 0.5705995882291727 0.18460289087768533 0.620610597957454 0.17084734956171094 0.6207339135138553
0 0.19475903182832174 0.42377494890074274 0.20878396543628966 0.4254866080749518 0.2068809361084075 0.4747681116463886 0.19285600250043958 0.4730564524721796
0 0.14958225519671392 0.42559330808025647 0.16335234195163917 0.4250601644233241 0.16394253390750402 0.4732372653023281 0.15017244715257877 0.4737704089592605
0 0.17052638845383924 0.42484822604705763 0.18393600315629174 0.4247280116505363 0.1840769835628482 0.47442997261701714 0.17066736886039574 0.47455018701353846
0 0.19305561964657303 0.27827605965888563 0.20693524084726125 0.27788490544425404 0.2073728171094839 0.3269574186092811 0.19349319590879568 0.3273485728239127
0 0.15111781490569082 0.2769548224595518 0.16402075649004466 0.276993469929907 0.16397479569519796 0.3254899407785701 0.15107185411084414 0.32545129330821493
0 0.16965716228805774 0.27804477285588997 0.18341445684753388 0.27792144158202825 0.18355543725409157 0.32762340254850886 0.16979814269461543 0.3277467338223706
0 0.1110108334864443 0.0006797228295000134 0.12465105048523416 0.000768761784145923 0.12457531059337872 0.03743960142765823 0.11093509359458885 0.03735056247301232
0 0.06855879329379014 2.3464141665026963e-05 0.08253045341521463 0.0002452365245350049 0.08234714109383613 0.036744756516171845 0.06837548097241165 0.036522984133301864
0 0.08798865140522326 0.0007743765324451094 0.10196031152664774 0.0009961489153123024 0.10177349841914535 0.03819271432234097 0.08780183829772086 0.03797094193947378
0 0.19254383319042923 -4.515152955172108e-19 0.20618405018921904 8.903895464590887e-05 0.20610703835206973 0.037375713936244975 0.19246682135327992 0.037286674981599065
0 0.15043790192259487 5.493792457221059e-06 0.16371579213642304 0.00021625395457335823 0.16353247981504354 0.036715773946210055 0.15025458960121535 0.03650501378409392
0 0.16952165110920808 8.057897627608317e-18 0.1833194807392439 0.00021901316871801436 0.1831311432891037 0.03771909213213992 0.16933331365906792 0.03750007896342192
0 0.19233060852945436 0.13396942829085035 0.20586265525627453 0.13414587111688353 0.20566529166189365 0.18198480316909282 0.19213324493507347 0.18180836034305964
0 0.15024800736740204 0.1329344355372462 0.16245557352947795 0.13297100018788946 0.16240990563115798 0.18115841529331667 0.15020233946908207 0.1811218506426734
0 0.16913562924091066 0.13340627444711406 0.18289292380038677 0.1332829431732524 0.18303390420694446 0.182984904139733 0.16927660964746835 0.1831082354135947
0 0.2749079773519331 0.13303547520885392 0.2887876940746252 0.13321645126461992 0.28858652426988374 0.18197797007608588 0.2747068075471917 0.18179699402031985
0 0.23021524029169604 0.1335483796297091 0.2441609521129443 0.13359015045232073 0.24411704159375588 0.17992323109833752 0.23017132977250762 0.17988146027572594
0 0.2525809167844335 0.13309721782658238 0.2661643714153953 0.13297544499139197 0.266300951031048 0.18112592839419095 0.25271749640008623 0.18124770122938139
0 0.275081915212108 0.2785784773305466 0.28878907190772735 0.2787572033956452 0.28858903680715536 0.32724368143379184 0.274881880111536 0.3270649553686933
0 0.23108622632478204 0.2794158199154129 0.24503135235298387 0.2794575889834358 0.2449874359120368 0.3257969180885757 0.23104230988383498 0.32575514902055286
0 0.25307882390767034 0.27898281413208875 0.2664895533088669 0.2794252730622683 0.26598077183814767 0.3281630445509233 0.2525700424369511 0.3277205856207438
0 0.2748010547478252 0.4245499965789581 0.2888574660151739 0.4245409598220124 0.2888674543837845 0.4736443368718927 0.2748110431164358 0.47365337362883836
0 0.23269761230579122 0.4244927897358216 0.24576849726912323 0.42490714239529626 0.24529448034952417 0.4721660470922548 0.23222359538619217 0.4717516944327801
0 0.2517807660581759 0.4246597596195362 0.2651927750620195 0.4243643040005848 0.2655321978367108 0.47306077713348843 0.2521201888328672 0.4733562327524399
0 0.27601796516843075 0.5694974398450985 0.2899005949762427 0.5694885148109101 0.28991064625708163 0.6189011719672226 0.27602801644926966 0.618910097001411
0 0.2331810385127021 0.5717844163963194 0.2460811819407704 0.5718306231784387 0.2460283141418435 0.6184788338786277 0.23312817071377523 0.6184326270965085
0 0.25282383215246934 0.5717707109925642 0.26623584115631294 0.5714752553736128 0.266570956237072 0.6195537101604374 0.2531589472332284 0.6198491657793888
0 0.2758439949267103 0.7156804390952571 0.2899004061940096 0.7156714023383269 0.2899102690336587 0.7641576720964041 0.27585385776635946 0.7641667088533344
0 0.23323614708508267 0.7161253594219112 0.2471769287797803 0.7165739255386213 0.24668870801575513 0.7645287000957293 0.23274792632105748 0.7640801339790192
0 0.2536823113520958 0.7164132757000733 0.2669205026961046 0.716121649142395 0.26726840741258945 0.766035013661091 0.2540302160685806 0.7663266402187694
0 0.27601758785413677 0.860937274433073 0.28955265474280334 0.8609285728444056 0.28956289478306896 0.9112691820831742 0.27602782789440244 0.9112778836718417
0 0.23305932809511826 0.8622922640908538 0.24717075177748798 0.8627463208762669 0.24668882187598629 0.9100831846104996 0.23257739819361659 0.9096291278250865
0 0.255427136485244 0.861219101770441 0.26932322436158784 0.8624244703746318 0.26799669353562844 0.9107576058300186 0.2541006056592846 0.9095522372258278
0 0.3585461320640214 0.8599951044414261 0.37261136124768773 0.8599860620155647 0.3726214734508952 0.9096982171441577 0.3585562442672289 0.9097072595700191
0 0.3148968667527312 0.8616814911334671 0.3290082904351009 0.8621355479188801 0.32850752291156904 0.9113227096826557 0.31439609922919937 0.9108686528972427
0 0.3349370719129563 0.8610506633908576 0.34884908858368907 0.8612808243337964 0.34859579213588165 0.9096693630497047 0.3346837754651489 0.909439202106766
0 0.35801609755986363 0.7135919764561944 0.3731415235195754 0.7135822524381734 0.3731516996528067 0.7636086914280529 0.3580262736930949 0.7636184154460739
0 0.31634958368695404 0.7151105057928193 0.32920758060472816 0.7158866894869422 0.32829246206471746 0.7637983367725638 0.31543446514694334 0.763022153078441
0 0.3390330564785819 0.713996957815603 0.35329764283790976 0.713636786937499 0.35369685242870824 0.7636064591735612 0.3394322660693804 0.7639666300516652
0 0.3567498079162978 0.5686736322702624 0.37134611447410926 0.5682669900756523 0.37178699212027644 0.6182823687479901 0.3571906855624649 0.6186890109426001
0 0.31539549212977824 0.5689076289385914 0.32880101164425735 0.56991355226459 0.3276787185719863 0.6171829423611362 0.3142731990575072 0.6161770190351377
0 0.3391142645264344 0.5692928791966747 0.3533807348292679 0.5687368427645788 0.3539852550255554 0.6177574909925558 0.33971878472272193 0.6183135274246517
0 0.3571892039386427 0.42345018515420707 0.3712502092895995 0.4238299785949532 0.37082536446494985 0.47354117233022214 0.356764359113993 0.473161378889476
0 0.31472744425731997 0.4231073632873061 0.32742973710123285 0.42351287334440624 0.32693311407574605 0.47267858038761595 0.31423082123183316 0.4722730703305158
0 0.33396629664041183 0.4238467093036001 0.3487665470847288 0.42326986876235223 0.34939404741384383 0.4741539799721876 0.33459379696952685 0.47473082051343546
0 0.9291196359262678 0.2743798999240104 0.9438478219192753 0.2746016028625457 0.9436093152378885 0.32467802669941487 0.928881129244881 0.3244563237608795
0 0.9654685963075952 0.27362752758854536 0.979300938859233 0.2738513427073075 0.9790432612910052 0.32418261112296193 0.9652109187393674 0.32395879600419986
0 0.9854941136964019 0.2726634410130646 1.0 0.27276149316723325 0.9998916647048053 0.32341529502889527 0.9853857784012072 0.32331724287472663
0 0.27432764932632814 0.0001324469911467027 0.2877939206640521 3.351034151498473e-06 0.28790797778649524 0.03760544900779338 0.27444170644877125 0.037734544964788584
0 0.23162472341345947 1.379607074458647e-05 0.24437957009516265 0.00021625395457278314 0.2442039903482568 0.03517613245105249 0.23144914366655361 0.0349736745672243
0 0.2541838075230938 8.27764244656763e-06 0.2674648018528399 0.0002190870762398176 0.26728110671891564 0.03679482929973747 0.2540001123891694 0.03658401986594422
0 0.3564398007559199 0.00013244699114669777 0.3699060720936439 3.351034151493564e-06 0.37001903323958035 0.03724412991524791 0.35655276190185636 0.03737322587224312
0 0.3129238832447385 1.3796070744584823e-05 0.32567872992644176 0.0002162539545727815 0.32550315017953585 0.03517613245105249 0.3127483034978326 0.0349736745672243
0 0.3338569841577471 1.6664588947462383e-18 0.3471379784874932 0.00021080943379325165 0.346954283353569 0.03678655165729091 0.3336732890238228 0.03657574222349765
0 0.3569890902498749 0.1318517934076913 0.3714564975869829 0.13224256393043005 0.3710285654580235 0.18231500387561156 0.3565611581209155 0.18192423335287278
0 0.3133021741752527 0.13176532054927972 0.3274303922955341 0.13221635207619245 0.3269438633634515 0.1803827433130026 0.31281564524317 0.17993171178608988
0 0.33347425767034494 0.13285846756312694 0.34746661843616594 0.13251971958280723 0.3478369659977453 0.1808677420759471 0.3338446052319243 0.18120649005626682
0 0.3571923381494531 0.27710629230624334 0.37165974548656117 0.27749706282898207 0.3712318133576017 0.3275695027741635 0.3567644060204937 0.3271787322514248
0 0.313505422074831 0.2770198194478318 0.32763364019511243 0.27747085097474455 0.3271471112630298 0.3256372422115547 0.3130188931427484 0.325186210684642
0 0.3336775055699232 0.27811296646167905 0.3476698663357442 0.2777742184813593 0.3480402138973236 0.3261222409744992 0.33404785313150254 0.3264609889548189
0 0.43784804908465275 0.27623506693435557 0.45231710822812166 0.2761945936187037 0.4523614304866471 0.32627275055054905 0.4378923713431782 0.32631322386620093
0 0.3968336743642739 0.27807774605754926 0.4101455143486325 0.278502715396433 0.4096511640304353 0.32744342429185214 0.39633932404607664 0.3270184549529684
0 0.41773464592766907 0.2772819836082933 0.43172812466296456 0.27715602000037387 0.4318658385911676 0.32550790543088387 0.4178723598558722 0.3256338690388033
0 0.43825454488380894 0.42185089543215765 0.45272360402727785 0.4218104221165058 0.45276792628580326 0.4718885790483512 0.43829886714233435 0.471929052364003
0 0.3966304264646955 0.4229709153568511 0.40994226644905407 0.4233958846957349 0.4094479161308568 0.47233659359115404 0.3961360761464982 0.47191162425227023
0 0.41618813474379174 0.4224670862293539 0.4301753081316312 0.42322436134037034 0.4293473917834806 0.47155445980542576 0.41536021839564113 0.47079718469440934
0 0.4404902717791687 0.56818938312846 0.45495933092263763 0.5681489098128082 0.45500365318116304 0.6182270667446536 0.4405345940376941 0.6182675400603054
0 0.39671488098324414 0.5676013375364141 0.41002828111268325 0.567823406074624 0.4097699574114629 0.6167698508116931 0.3964565572820238 0.6165477822734832
0 0.4163594338447414 0.56828659414989 0.43035184720766273 0.5686184046477684 0.42998908428084115 0.6169666088804897 0.41599667091791986 0.6166347983826113
0 0.43947403228127757 0.7130825524277619 0.4539430914247465 0.71304207911211 0.4539874136832719 0.7631202360439553 0.439518354539803 0.7631607093596072
0 0.39671488098324387 0.7139398252327163 0.41002828111268297 0.7141618937709262 0.4097699574114626 0.7631083385079953 0.3964565572820235 0.7628862699697854
0 0.41635943384474117 0.7146250818461923 0.43035184720766245 0.7149568923440707 0.4299890842808409 0.7633050965767919 0.4159966709179196 0.7629732860789136
0 0.43947403228127757 0.8597823697233141 0.4539430914247465 0.8597418964076623 0.4539874136832719 0.9098200533395077 0.439518354539803 0.9098605266551595
0 0.3971213767824003 0.8610009721275188 0.4104347769118394 0.8612230406657287 0.410176453210619 0.9101694854027979 0.3968630530811799 0.9099474168645879
0 0.4169691775434757 0.8613248991417447 0.43096159090639696 0.8616567096396232 0.43059882797957544 0.9100049138723444 0.4166064146166541 0.909673103374466
0 0.9288073477007877 0.8559629953902668 0.9432741811440745 0.8564159657829707 0.9427781340442398 0.9064864194521576 0.928311300600953 0.9060334490594537
0 0.9669713204658581 0.8561627809020648 0.9802847205952973 0.856384849440274 0.9800190889267636 0.9067159871675099 0.9667056887973244 0.9064939186293006
0 0.9873775284795626 0.8545784856782893 0.999157198737453 0.8548578240705835 0.9987944358106312 0.9032060283033049 0.9870147655527409 0.9029266899110105
0 0.929707593274929 0.7102760922463485 0.9441744267182159 0.7107290626390523 0.9436783796183813 0.7607995163082393 0.9292115461750945 0.7603465459155354
0 0.9658150473503728 0.7086767084579703 0.979637940851695 0.7096126464461735 0.9785603986992875 0.7599095329278979 0.9647375051979653 0.7589735949396947
0 0.9871566950889806 0.70853847879234 0.9999999999999993 0.7088430397916752 0.9996199689313584 0.7594927020447729 0.9867766640203397 0.7591881410454377
0 0.9277783474644669 0.5648851561800043 0.9422465389024509 0.5646005600386081 0.9425581996485783 0.6146757137971988 0.9280900082105943 0.614960309938595
0 0.965778220676183 0.5625415042793812 0.9796105632278208 0.5627653193981433 0.9793528856595929 0.6130965878137978 0.9655205431079551 0.6128727726950357
0 0.9864075996408637 0.5624047958163985 0.9992509045518818 0.5627093568157344 0.9988708734832399 0.6133590190688322 0.9860275685722218 0.6130544580694961
0 0.9294840534866082 0.4176580502764418 0.9442118659315929 0.41736834726753297 0.9445235266777205 0.46744350102612353 0.9297957142327359 0.46773320403503243
0 0.9661023466095056 0.41903949817579994 0.9799346891611435 0.419263313294562 0.9796770115929155 0.4695945817102165 0.9658446690412777 0.46937076659145444
0 0.9862302232935317 0.41964775860639314 0.9996322996073943 0.4193402607402714 0.9999999999999996 0.46999021065352126 0.986597923686137 0.470297708519643
0 0.5195734776574717 0.2764321532033138 0.5343012901024564 0.2761424501944049 0.5346129508485841 0.32621760395299554 0.5198851384035994 0.3265073069619044
0 0.4768306121801685 0.27616410138809344 0.49066295473180627 0.2763879165068555 0.49040527716357846 0.32671918492251 0.47657293461194067 0.32649536980374794
0 0.4969561811515091 0.27645942765593523 0.5114608819825668 0.27680338633407764 0.5110808509139251 0.3274530485871753 0.4965761500828674 0.3271090899090329
0 0.4375357245076593 0.00013634379650360066 0.4516117218140522 1.402631471951671e-06 0.4517214068505124 0.03616212104028874 0.43764540954411946 0.036297062205320384
0 0.3960525688845571 0.0 0.4087922694105152 0.0011231189307023734 0.40781825479636835 0.03604148318732101 0.39507855427041016 0.034918364256618636
0 0.41536120645733504 2.8802678328089867e-08 0.42925008131256165 0.00022048713370086592 0.42906641858165045 0.036789777557259824 0.41517754372642385 0.03656931922623729
0 0.5198456593907744 0.0001363437965036032 0.5339216566971674 1.4026314719764454e-06 0.5340313417336275 0.03616212104028876 0.5199553444272346 0.03629706220532039
0 0.4773238926019542 6.938893903907265e-19 0.49006359312791226 0.0011231189307023704 0.4890895785137654 0.03604148318732099 0.4763498779878073 0.03491836425661862
0 0.4976711413404502 2.8802678326833592e-08 0.5115600161956768 0.00022048713370086465 0.5113763534647656 0.036789777557259824 0.497487478609539 0.03656931922623729
0 0.5203757424732768 0.1296089283338402 0.5350989673627329 0.1303237266858334 0.5343299916156322 0.18038328257139763 0.5196067667261761 0.17966848421940443
0 0.476570959388739 0.13075853818763775 0.4904033019403768 0.13098235330639985 0.490145624372149 0.1813136217220543 0.4763132818205112 0.1810898066032922
0 0.4965600877370854 0.13117474791318492 0.5110659740406834 0.13127280006735353 0.5109576387454887 0.18192660192901558 0.49645175244189066 0.18182854977484694
0 0.9290918316114417 0.12991372085750988 0.9438194960004789 0.1302263083363698 0.9434832162798831 0.18030095869879337 0.9287555518908459 0.17998837121993344
0 0.9673543222230078 0.1292594488065931 0.9811866647746456 0.1294832639253552 0.9809289872064177 0.1798145323410097 0.9670966446547798 0.17959071722224756
0 0.9854941136964019 0.1290702425346668 1.0 0.12916829468883542 0.9998916647048053 0.17982209655049747 0.9853857784012072 0.17972404439632883
0 0.5207570007365174 0.8581546846128415 0.5352238341798042 0.8586076550055454 0.5347277870799696 0.9086781086747323 0.5202609536366829 0.9082251382820284
0 0.4786523532912275 0.8596161572398952 0.4919657534206666 0.8598382257781044 0.4917001217521329 0.9101693635053402 0.4783867216226938 0.9099472949671309
0 0.4985001540523026 0.8599400842541212 0.5124925674152239 0.8602718947519996 0.5121298044884024 0.9086200989847208 0.49813739112548105 0.9082882884868425
0 0.5212763063193764 0.7127491214123859 0.5357431397626632 0.7132020918050899 0.5352470926628285 0.7632725454742767 0.5207802592195419 0.7628195750815728
0 0.47828388016313494 0.7125035254842443 0.4921067736644572 0.7134394634724475 0.49102923151204975 0.763736349954172 0.47720633801072754 0.7628004119659687
0 0.49851409790008544 0.7135993271823845 0.5130187987311431 0.7139432858605269 0.5126387676625014 0.7645929481136247 0.49813406683144373 0.7642489894354823
0 0.5252858708533465 0.5667867815091961 0.5397540622913305 0.5665021853678 0.5400657230374579 0.6165773391263906 0.5255975315994739 0.6168619352677868
0 0.47812887613731514 0.5669752277890049 0.49196121868895293 0.567199042907767 0.4917035411207251 0.6175303113234216 0.4778711985690873 0.6173064962046594
0 0.4974754867343678 0.5677321590193878 0.5119801875654254 0.5680761176975302 0.5116001564967837 0.6187257799506278 0.4970954556657261 0.6183818212724855
0 0.5195734776574717 0.42276092632885176 0.5343012901024564 0.4224712233199429 0.5346129508485841 0.4725463770785335 0.5198851384035994 0.4728360800874424
0 0.4768306121801685 0.4224928745136312 0.49066295473180627 0.42271668963239334 0.49040527716357846 0.4730479580480478 0.47657293461194067 0.4728241429292857
0 0.4969561811515091 0.42278820078147306 0.5114608819825668 0.4231321594596154 0.5110808509139251 0.47378182171271316 0.4965761500828674 0.47343786303457075
0 0.6031845976277107 0.8581546846128415 0.6176514310709975 0.8586076550055454 0.6171553839711629 0.9086781086747323 0.6026885505278761 0.9082251382820284
0 0.5610799501824209 0.8596161572398953 0.57439335031186 0.8598382257781044 0.5741277186433263 0.9101693635053403 0.5608143185138872 0.909947294967131
0 0.5809277509434959 0.8599400842541212 0.5949201643064171 0.8602718947519996 0.5945574013795956 0.9086200989847208 0.5805649880166742 0.9082882884868425
0 0.6037039032105699 0.712749121412386 0.6181707366538567 0.71320209180509 0.617674689554022 0.7632725454742768 0.6032078561107352 0.7628195750815729
0 0.5607114770543282 0.7125035254842449 0.5745343705556504 0.7134394634724481 0.573456828403243 0.7637363499541726 0.5596339349019208 0.7628004119659694
0 0.5809416947912787 0.7135993271823842 0.5954463956223364 0.7139432858605265 0.5950663645536948 0.7645929481136242 0.5805616637226371 0.7642489894354818
0 0.602249418554701 0.5673581853460421 0.6167176099926851 0.5670735892046459 0.6170292707388125 0.6171487429632365 0.6025610793008285 0.6174333391046327
0 0.5605564730285085 0.5669752277890046 0.5743888155801463 0.5671990429077667 0.5741311380119184 0.6175303113234213 0.5602987954602806 0.6173064962046592
0 0.579903083625561 0.5677321590193876 0.5944077844566187 0.56807611769753 0.594027753387977 0.6187257799506277 0.5795230525569193 0.6183818212724853
0 0.602001074548665 0.42276092632885176 0.6167288869936497 0.4224712233199429 0.6170405477397772 0.4725463770785335 0.6023127352947927 0.4728360800874424
0 0.5592582090713617 0.4224928745136311 0.5730905516229996 0.42271668963239317 0.5728328740547717 0.4730479580480476 0.5590005315031339 0.47282414292928554
0 0.5793837780427025 0.4227882007814729 0.5938884788737602 0.42313215945961524 0.5935084478051186 0.47378182171271294 0.5790037469740609 0.4734378630345705
0 0.600857330316743 0.00013631499382527377 0.614933327623136 1.3738287936248683e-06 0.6150430126595962 0.03616209223761037 0.6009670153532033 0.03629703340264201
0 0.5596338274850694 2.2204460492503127e-18 0.5723735280110276 0.0011231189307023721 0.5713995133968807 0.03604148318732099 0.5586598128709226 0.03491836425661862
0 0.5781635066835596 1.2972371481314302e-18 0.5928312778199392 0.00023282176405534655 0.5926476150890284 0.03680211218761428 0.577979843952649 0.036569290423558935
0 0.6029453301478215 0.27639930642191923 0.6176685550372775 0.2771141047739124 0.6168995792901769 0.3271736606594767 0.6021763544007208 0.32645886230748344
0 0.5591405470632835 0.27754891627571676 0.5729728896149214 0.27777273139447883 0.5727152120466935 0.32810399981013333 0.5588828694950557 0.3278801846913712
0 0.5791296754116299 0.277965126001264 0.5936355617152279 0.27806317815543263 0.5935272264200332 0.32871698001709465 0.5790213401164351 0.328618927862926
0 0.6026856773563921 0.13007053329638135 0.6174089022458482 0.13078533164837455 0.6166399264987475 0.18084488753393882 0.6019167016092914 0.1801300891819456
0 0.5588808942718543 0.13122014315017883 0.5727132368234921 0.13144395826894095 0.5724555592552641 0.18177522668459542 0.5586232167036264 0.1815514115658333
0 0.5788700226202005 0.13163635287572603 0.5933759089237985 0.13173440502989467 0.5932675736286038 0.1823882068915567 0.5787616873250058 0.18229015473738808
0 0.6840958214358779 0.00013631499382528797 0.6981718187422707 1.3738287936613104e-06 0.6982815037787309 0.0361620922376104 0.684205506472338 0.03629703340264203
0 0.6399806808395654 2.0539125955565396e-17 0.6527203813655235 0.0011231189307023904 0.6517463667513766 0.03604148318732101 0.6390066662254185 0.03491836425661864
0 0.6607594116327746 1.8041124150158794e-18 0.675427182769154 0.00023282176405534707 0.6752435200382434 0.03680211218761428 0.660575748901864 0.036569290423558935
0 0.6846387788099352 0.27639930642191946 0.6993620036993913 0.27711410477391263 0.6985930279522906 0.3271736606594769 0.6838698030628346 0.32645886230748367
0 0.6394874004177796 0.2775489162757168 0.6533197429694174 0.2777727313944789 0.6530620654011895 0.3281039998101334 0.6392297228495517 0.32788018469137126
0 0.6608231240737432 0.277965126001264 0.6753290103773413 0.27806317815543263 0.6752206750821466 0.32871698001709465 0.6607147887785485 0.328618927862926
0 0.6852822828507651 0.13024654429406107 0.6999955395904738 0.12904724795111364 0.7012857353481186 0.17907291172723203 0.6865724786084098 0.18027220807017946
0 0.6392277476263505 0.1312201431501788 0.6530600901779883 0.13144395826894092 0.6528024126097605 0.1817752266845954 0.6389700700581227 0.18155141156583327
0 0.660563471282314 0.1308383704712121 0.675069357585912 0.13093642262538072 0.6749610222907173 0.18159022448704276 0.6604551359871192 0.18149217233287412
0 0.6853334690223164 0.8559250290703246 0.6998003024656032 0.8563779994630285 0.6993042553657687 0.9064484531322154 0.6848374219224819 0.9059954827395116
0 0.6432288215770267 0.8573865016973785 0.6565422217064658 0.8576085702355878 0.656276590037932 0.9079397079628236 0.6429631899084929 0.9077176394246144
0 0.6630766223381014 0.8577104287116044 0.6770690357010226 0.8580422392094827 0.676706272774201 0.9063904434422041 0.6627138594112798 0.9060586329443256
0 0.6858527746051756 0.7105194658698692 0.7003196080484624 0.7109724362625731 0.6998235609486279 0.7610428899317601 0.685356727505341 0.7605899195390562
0 0.6415211031774077 0.71186112359687 0.6553439966787299 0.7127970615850733 0.6542664545263225 0.7630939480667976 0.6404435610250003 0.7621580100785944
0 0.6624209435501217 0.7125601118812238 0.6769256443811794 0.7129040705593661 0.6765456133125377 0.7635537328124639 0.66204091248148 0.7632097741343215
0 0.6843982899493067 0.5651285298035253 0.6988664813872908 0.5648439336621291 0.6991781421334181 0.6149190874207197 0.684709950695434 0.6152036835621159
0 0.6420357217873511 0.5647455722464878 0.6558680643389889 0.5649693873652499 0.655610386770761 0.6153006557809044 0.6417780442191232 0.6150768406621423
0 0.6638376153822014 0.5658993168906563 0.6783423162132591 0.5662432755687987 0.6779622851446175 0.6168929378218965 0.6634575843135598 0.6165489791437541
0 0.6841499459432707 0.4205312707863349 0.6988777583882554 0.42024156777742605 0.699189419134383 0.47031672153601667 0.6844616066893984 0.4706064245449255
0 0.6414070804659676 0.42026321897111424 0.6552394230176054 0.4204870340898763 0.6549817454493776 0.4708183025055308 0.6411494028977398 0.47059448738676873
0 0.6611587425176189 0.4208967799603169 0.6756635257268062 0.4205639815355853 0.6760312261194117 0.47121393144883517 0.6615264429102243 0.4715467298735667
0 0.7682393117009194 0.8562987660825324 0.7827061451442063 0.8567517364752363 0.7822100980443717 0.9068221901444232 0.7677432646010849 0.9063692197517192
0 0.7234835000722555 0.8584592459379163 0.7367969002016946 0.8586813144761256 0.736531268533161 0.9090124522033614 0.7232178684037218 0.9087903836651522
0 0.7433313008333299 0.8587831729521423 0.7573237141962512 0.8591149834500207 0.7569609512694295 0.9074631876827419 0.7429685379065083 0.9071313771848636
0 0.7661074531004044 0.7115922101104072 0.7805742865436912 0.712045180503111 0.7800782394438566 0.762115634172298 0.7656114060005698 0.761662663779594
0 0.7217757816726366 0.7129338678374078 0.7355986751739587 0.7138698058256109 0.7345211330215513 0.7641666923073354 0.7206982395202292 0.7632307543191321
0 0.7426756220453506 0.7136328561217614 0.7571803228764084 0.7139768147999038 0.7568002918077668 0.7646264770530016 0.742295590976709 0.7642825183748592
0 0.7658325431423431 0.5662012740440631 0.7803007345803271 0.5659166779026669 0.7806123953264544 0.6159918316612575 0.7661442038884705 0.6162764278026537
0 0.7222904002825801 0.5658183164870256 0.7361227428342179 0.5660421316057878 0.73586506526599 0.6163734000214423 0.7220327227143523 0.6161495849026801
0 0.7429127191796226 0.566622557517029 0.7574174200106804 0.5669665161951714 0.7570373889420386 0.6176161784482691 0.7425326881109809 0.6172722197701267
0 0.7644046244384995 0.42160401502687267 0.7791324368834842 0.4213143120179638 0.7794440976296119 0.4713894657765544 0.7647162851846272 0.4716791687854633
0 0.7216617589611964 0.42133596321165195 0.7354941015128342 0.421559778330414 0.7352364239446063 0.4718910467460685 0.7214040813929685 0.4716672316273064
0 0.7414134210128478 0.42196952420085465 0.7559182042220353 0.4216367257761231 0.7562859046146407 0.47228667568937294 0.7417811214054534 0.47261947411410454
0 0.764070216884044 0.00013494116503162524 0.778146214190437 -1.4134783878329539e-18 0.7782558992268971 0.03616071840881674 0.7641799019205042 0.036295659573848366
0 0.7234695899118347 1.3322676295501881e-17 0.7362092904377929 0.0011231189307023832 0.735235275823646 0.036041483187321005 0.7224955752976878 0.034918364256618636
0 0.7419163079808425 1.1102230246251566e-18 0.7565840791172219 0.0002328217640553464 0.7564004163863113 0.03680211218761428 0.7417326452499319 0.036569290423558935
0 0.7655265005710021 0.275760196225038 0.7802546865640096 0.27598189916357335 0.7800161798826228 0.32605832300044246 0.7652879938896153 0.3258366200619071
0 0.7229763094900491 0.2775489162757168 0.7368086520416869 0.2777727313944789 0.7365509744734591 0.3281039998101334 0.7227186319218213 0.32788018469137126
0 0.7429654378383952 0.27796512600126405 0.7574713241419934 0.2780631781554327 0.7573629888467986 0.32871698001709476 0.7428571025432006 0.32861892786292607
0 0.7656685452467545 0.1291157384529958 0.7803962096357917 0.12942832593185571 0.7800599299151959 0.17950297629427928 0.7653322655261587 0.17919038881541935
0 0.7227166566986198 0.13122014315017883 0.7365489992502577 0.13144395826894095 0.7362913216820298 0.18177522668459542 0.722458979130392 0.1815514115658333
0 0.7436912024635507 0.12943688792318075 0.7581970887671489 0.1295349400773494 0.7580887534719541 0.1801887419390114 0.7435828671683561 0.1800906897848428
0 0.8453148004436195 0.00013494116503163538 0.8593907977500125 4.975443925171998e-16 0.8595004827864723 0.03616071840881732 0.8454244854800793 0.036295659573848456
0 0.8029187130612524 4.28129753871076e-17 0.8156584135872105 0.0011231189307024125 0.8146843989730637 0.03604148318732104 0.8019446984471055 0.03491836425661867
0 0.8231608915404167 1.1102230246251575e-18 0.8378286626767962 0.0002328217640553464 0.8376449999458855 0.03680211218761428 0.8229772288095061 0.036569290423558935
0 0.8463222190280374 0.2749622138205242 0.8610504050210449 0.27518391675905957 0.8608118983396582 0.3252603405959287 0.8460837123466507 0.3250386376573933
0 0.8024254326394672 0.2775489162757169 0.816257775191105 0.27777273139447894 0.8160000976228772 0.32810399981013344 0.8021677550712394 0.3278801846913713
0 0.8237611562954302 0.2771671435967501 0.8382670425990283 0.27726519575091874 0.8381587073038336 0.3279189976125808 0.8236528210002355 0.32782094545841217
0 0.848259724113946 0.12991372085750982 0.8629873885029832 0.13022630833636975 0.8626511087823874 0.1803009586987933 0.8479234443933502 0.17998837121993339
0 0.8021657798480376 0.13122014315017885 0.8159981223996754 0.13144395826894098 0.8157404448314476 0.18177522668459545 0.8019081022798098 0.18155141156583332
0 0.8262823813307422 0.13023487032769474 0.8407882676343402 0.13033292248186334 0.8406799323391456 0.1809867243435254 0.8261740460355474 0.18088867218935675
0 0.8482963362172973 0.8549826482184738 0.8627631696605841 0.8554356186111777 0.8622671225607496 0.9055060722803646 0.8478002891174626 0.9050531018876607
0 0.8049182929108896 0.8571431280738576 0.8182316930403287 0.8573651966120669 0.8179660613717951 0.9076963343393027 0.8046526612423559 0.9074742658010935
0 0.8247660936719637 0.8574670550880836 0.8387585070348851 0.857798865585962 0.8383957441080635 0.9061470698186833 0.8244033307451422 0.9058152593208049
0 0.8475422459390384 0.7102760922463485 0.8620090793823252 0.7107290626390523 0.8615130322824905 0.7607995163082393 0.8470461988392037 0.7603465459155354
0 0.8032105745112704 0.7116177499733489 0.8170334680125926 0.7125536879615522 0.8159559258601852 0.7628505744432765 0.802133032358863 0.7619146364550734
0 0.825096607466374 0.7114401226289118 0.8396013082974317 0.7117840813070542 0.83922127722879 0.7624337435601519 0.8247165763977323 0.7620897848820095
0 0.8472673359809768 0.5648851561800043 0.8617355274189609 0.5646005600386081 0.8620471881650882 0.6146757137971988 0.8475789967271042 0.614960309938595
0 0.8037251931212139 0.5645021986229668 0.8175575356728518 0.5647260137417289 0.8172998581046239 0.6150572821573834 0.8034675155529861 0.6148334670386213
0 0.8243475120182566 0.5653064396529701 0.8388522128493143 0.5656503983311124 0.8384721817806727 0.6163000605842102 0.823967480949615 0.6159561019060678
0 0.8473187061507178 0.4176580502764418 0.8620465185957025 0.41736834726753297 0.8623581793418301 0.46744350102612353 0.8476303668968455 0.46773320403503243
0 0.8030965517998303 0.42001984534759323 0.8169288943514681 0.4202436604663553 0.8166712167832402 0.4705749288820098 0.8028388742316024 0.47035111376324773
0 0.8243275027250657 0.420653406336796 0.8388322859342531 0.4203206079120644 0.8391999863268587 0.4709705578253143 0.8246952031176712 0.4713033562500458
0 0.8870836402467803 0.8571431280738575 0.9003970403762195 0.8573651966120668 0.9001314087076858 0.9076963343393026 0.8868180085782467 0.9074742658010934
0 0.9069314410078545 0.8574670550880836 0.9209238543707757 0.857798865585962 0.9205610914439541 0.9061470698186833 0.9065686780810329 0.9058152593208049
0 0.8853759218471612 0.7116177499733489 0.8991988153484833 0.7125536879615522 0.8981212731960758 0.7628505744432765 0.8842983796947537 0.7619146364550734
0 0.9072619548022647 0.7114401226289118 0.9217666556333224 0.7117840813070542 0.9213866245646808 0.7624337435601519 0.9068819237336231 0.7620897848820095
0 0.8858905404571048 0.5645021986229668 0.8997228830087426 0.5647260137417289 0.8994652054405148 0.6150572821573834 0.8856328628888769 0.6148334670386213
0 0.9065128593541474 0.5653064396529701 0.9210175601852051 0.5656503983311124 0.9206375291165634 0.6163000605842102 0.9061328282855057 0.6159561019060678
0 0.8845677464041194 0.27754891627571693 0.8984000889557572 0.277772731394479 0.8981424113875293 0.3281039998101335 0.8843100688358915 0.32788018469137137
0 0.9045932637929261 0.27658482970023623 0.9190991500965243 0.2766828818544049 0.9189908148013296 0.32733668371606695 0.9044849284977315 0.3272386315618983
0 0.8852618991357211 0.4200198453475933 0.899094241687359 0.42024366046635536 0.898836564119131 0.47057492888200986 0.8850042215674933 0.4703511137632478
0 0.9064928500609565 0.42065340633679604 0.9209976332701438 0.42032060791206444 0.9213653336627493 0.4709705578253143 0.906860550453562 0.4713033562500459
0 0.8843080936126896 0.13122014315017888 0.8981404361643274 0.131443958268941 0.8978827585960995 0.18177522668459548 0.8840504160444617 0.18155141156583335
0 0.903838973160347 0.12907024253466684 0.9183448594639451 0.12916829468883545 0.9182365241687503 0.1798220965504975 0.9037306378651523 0.17972404439632886
0 0.9264744595079047 0.00013494116503111624 0.9405504568142977 -2.1587669923266933e-17 0.9406601418507575 0.0361607184088168 0.9265841445443646 0.036295659573847935
0 0.9059946974791082 4.553649124439119e-18 0.9206624686154876 0.00023282176405534983 0.9204788058845769 0.03680211218761428 0.9058110347481975 0.03656929042355894
